6753 COOL 12 01 2001 67.98 25 10
6292 ELEC 01 15 1994 56.89 80 01
7581 POPY 01 10 2012 90.90 20 00
9234 KLIO 03 11 2013 01.09 99 08
1010 PECH 02 01 1999 23.90 89 12
1013 KKIO 01 09 2018 34.55 10 01
1012 IXCo 06 19 2016 23.89 88 09
0023 VVIU 11 10 2014 90.90 78 12
1111 UUYY 08 08 2011 99.99 100 10
2221 JKLI 09 02 2010 45.90 150 19
9101 PPIO 04 02 2009 34.89 202 02
1000 POPN 02 29 2000 34.98 101 56
1909 XCVB 02 28 2012 54.90 009 02
2034 POIU 09 12 2013 99.09 109 19
3234 PQWQ 11 13 2014 23.78 450 76
4343 POPO 12 30 2012 45.89 190 29
9889 PIPO 11 12 2010 23.90 009 02